185 13 GiantRat 6 15 4 25 0 1
0 0 0
0 0 0
1 morsure 4 2 0 0 0 0
0 0 0 0 0 0 0 0
0 0 0 0 0 0 0 0
0 0 0 0 10 20
1 1 2 0 0 1 1 2 2 2 3 2 3 2 0 1 1
50 60 30 0 50 50 50 50 50 60 50 20 40 0 50 50 50
0 0 0
208 14 NagaOphidian 22 43 7 76 2 3
207 0 0
209 0 0
1 curvedblade 6 3 0 0 0 0
2 jarid 12 2 1 1 0 0
0 0 0 0 0 0 0 0
0 0 0 0 0 0
2 2 2 1 0 2 3 2 2 3 5 1 1 1 0 1 2
50 40 70 50 0 40 40 20 40 40 40 50 60 60 0 40 50
0 0 0
158 10 Ranger 60 60 6 150 3 1
156 0 0
0 0 0
1 epee 7 4 0 0 0 0
2 arc 7 4 1 0 0 0
0 0 0 0 0 0 0 0
0 0 0 0 0 20
1 2 2 0 1 1 2 2 1 2 2 2 2 0 1 1 1
60 40 30 0 40 60 20 50 60 60 30 40 60 0 60 60 60
0 0 0 
104 10 Dragoon 34 49 9 95 2 0
103 0 0
105 0 0
1 epee 6 4 0 0 0 0
2 arbalete 6 4 1 2 0 0
0 0 0 0 0 0 0 0
30 40 20 -20 0 20
1 4 3 0 1 3 2 4 2 0 2 4 4 0 1 1 1
40 20 30 0 40 30 30 20 40 0 30 20 20 0 40 40 40
0 0 0
45 3 DuneCaptain 75 30 48 5 3 2
44 0 0
46 0 0
1 cimeterre 9 3 0 0 0 0
0 0 0 0 0 0 0 0
0 0 0 0 0 0 0 0
20 -10 0 20 0 20
1 2 2 0 0 1 2 3 2 2 3 1 3 3 0 1 1
60 40 30 0 0 40 40 20 40 50 50 40 20 30 0 50 60
0 0 0
75 5 ElvishMarshal 54 62 5 150 3 3
74 0 0
0 0 0
1 epee 10 4 0 0 0 0
2 arc 8 3 1 1 0 0
0 0 0 0 0 0 0 0
0 0 0 0 0 -10
3 2 1 2 3 0 0 1 2 0 2 3 1 2 2 1 3
30 50 60 50 20 0 0 60 30 0 30 60 40 30 30 60 30
8 0 0 
63 4 DwarvishThunderer 17 34 4 40 1 3
0 0 0
64 0 0
1 dague 6 2 0 0 0 0
2 batondetonnerre 18 1 1 1 0 0
0 0 0 0 0 0 0 0
20 20 10 20 10 10
1 1 1 1 3 0 0 1 2 0 3 1 1 2 1 1 1
50 40 60 60 20 0 0 30 30 0 20 70 30 30 30 50 50
0 0 0
65 4 DwarvishDragonguard 46 63 4 150 3 3
64 0 0
0 0 0
1 dague 9 3 0 0 0 0
2 bâtondedragon 40 1 1 1 0 0
0 0 0 0 0 0 0 0
20 20 10 20 10 10
1 1 1 1 3 0 0 1 2 0 3 1 1 2 1 1 1
50 40 60 60 20 0 0 30 30 0 20 70 30 30 30 50 50
0 0 0
190 13 GreatSeahorse 12 35 3 60 1 3
0 0 0
0 0 0
1 morsure 4 2 0 0 0 0
2 jetdeau 8 2 1 2 0 0
0 0 0 0 0 0 0 0
20 20 20 -20 -20 0
0 0 2 1 0 0 0 0 0 0 0 0 1 2 0 0 0
0 0 50 50 0 0 0 0 0 0 0 0 50 40 0 0 0
0 0 0
2 1 BloodBat 22 27 9 70 1 1
1 0 0
3 0 0
1 crocs 5 3 0 0 0 0
0 0 0 0 0 0 0 0
0 0 0 0 0 0 0 0
0 -20 30 0 0 20
1 2 1 1 1 1 0 1 1 1 1 1 1 1 1 1 1
60 60 60 60 60 60 0 60 60 60 60 60 60 60 60 50 60
0 0 0